{
 "cells": [
  {
   "cell_type": "markdown",
   "id": "bade1ed1-0566-41b6-8e9a-f582d303a33f",
   "metadata": {},
   "source": [
    "Sort ,Nsum, Search"
   ]
  },
  {
   "cell_type": "markdown",
   "id": "50877407-b3ce-4970-a076-4b48f4139a90",
   "metadata": {},
   "source": [
    "Complexity time, memory => Data, Algorithm"
   ]
  },
  {
   "cell_type": "markdown",
   "id": "231b818c-3691-4c4b-8264-60b23de11fd7",
   "metadata": {},
   "source": [
    "# Method\n",
    "Brute force, Divide and Conquer, dynamic programming"
   ]
  },
  {
   "cell_type": "code",
   "execution_count": 1,
   "id": "d879b632-eaa2-4791-be69-f343eec78b0a",
   "metadata": {},
   "outputs": [],
   "source": [
    "import time\n",
    "import numpy as np"
   ]
  },
  {
   "cell_type": "code",
   "execution_count": 2,
   "id": "d619a973-9729-4174-9112-0029374e0263",
   "metadata": {},
   "outputs": [],
   "source": [
    "very_large_sample = np.random.randint(-1000, 1000, 1700)\n",
    "large_sample = np.random.randint(-1000, 1000, 700)\n",
    "medium_sample = np.random.randint(-1000, 1000, 70) \n",
    "small_sample = np.random.randint(-1000, 1000, 7)"
   ]
  },
  {
   "cell_type": "code",
   "execution_count": null,
   "id": "7d732248-680b-4c69-ac60-d29012356d45",
   "metadata": {},
   "outputs": [],
   "source": [
    "def threesome(sample):\n",
    "    count = 0\n",
    "    for i in range(len(sample)):\n",
    "        for j in range(i, len(sample)):\n",
    "            for k in range(j, len(sample)):\n",
    "                if sample[i] + sample[j] + sample[k] == 0:\n",
    "                    count = count + 1\n",
    "    return count"
   ]
  },
  {
   "cell_type": "code",
   "execution_count": null,
   "id": "18acabc8-a395-40cb-ab1f-0fc5e2b6c389",
   "metadata": {},
   "outputs": [],
   "source": [
    "start = time.time()\n",
    "print(threesome(large_sample))\n",
    "print(time.time() - start)\n",
    "\n",
    "start = time.time()\n",
    "print(threesome(medium_sample))\n",
    "print(time.time() - start)\n",
    "\n",
    "start = time.time()\n",
    "print(threesome(small_sample))\n",
    "print(time.time() - start)"
   ]
  },
  {
   "cell_type": "markdown",
   "id": "c2b6d970-d69e-4f4d-b862-abd5723bb61c",
   "metadata": {},
   "source": [
    "# Binary Search"
   ]
  },
  {
   "cell_type": "code",
   "execution_count": null,
   "id": "eb97e0ba-4c0c-4533-92a2-1bb14ad38b05",
   "metadata": {},
   "outputs": [],
   "source": [
    "large_sample"
   ]
  },
  {
   "cell_type": "code",
   "execution_count": null,
   "id": "9b31aaf5-549f-42ed-8430-818d32239a3f",
   "metadata": {},
   "outputs": [],
   "source": [
    "def brute_force(sample):\n",
    "    sort_sample = sorted(sample)\n",
    "    lo = 0\n",
    "    hi = len(sort_sample)\n",
    "    for i in range(lo, hi):\n",
    "        if sort_sample[i] == 681:\n",
    "            return i"
   ]
  },
  {
   "cell_type": "code",
   "execution_count": null,
   "id": "066eaae1-f2c0-4518-9601-4ed5e49d5b1f",
   "metadata": {},
   "outputs": [],
   "source": [
    "def binary_search(sample):\n",
    "    sort_sample = sorted(sample)\n",
    "    lo = 0\n",
    "    hi = len(sort_sample) - 1\n",
    "    mid = int(lo + (hi - lo) / 2)\n",
    "    while lo != hi:\n",
    "        mid = int(lo + (hi - lo) / 2)\n",
    "        if sort_sample[mid] > 681:\n",
    "            hi = mid - 1\n",
    "        elif sort_sample[mid] == 681:\n",
    "            return mid\n",
    "        else:\n",
    "            lo = mid + 1"
   ]
  },
  {
   "cell_type": "code",
   "execution_count": null,
   "id": "78c4594f-9cef-4692-bb01-bf431d9f93da",
   "metadata": {},
   "outputs": [],
   "source": [
    "sorted(small_sample)"
   ]
  },
  {
   "cell_type": "code",
   "execution_count": null,
   "id": "2eaa7959-362f-43ae-9153-bd0f78897ffd",
   "metadata": {
    "tags": []
   },
   "outputs": [],
   "source": [
    "start = time.time()\n",
    "print(brute_force(very_large_sample))\n",
    "print(time.time() - start)\n",
    "\n",
    "start = time.time()\n",
    "print(binary_search(very_large_sample))\n",
    "print(time.time() - start)"
   ]
  },
  {
   "cell_type": "markdown",
   "id": "62a81bbb-33b2-4e58-8b70-349b77198d03",
   "metadata": {},
   "source": [
    "# Sort"
   ]
  },
  {
   "cell_type": "markdown",
   "id": "3b4a3b1e-aef7-4ce7-bf1d-7d5c3f934b68",
   "metadata": {},
   "source": [
    "## Merge sort"
   ]
  },
  {
   "cell_type": "code",
   "execution_count": 34,
   "id": "7a57949f-5c5a-4c58-9f59-2c1ca33800ff",
   "metadata": {},
   "outputs": [],
   "source": [
    "def sort(sample, lo, hi):\n",
    "    mid = lo + (hi - lo) // 2\n",
    "    if hi <= lo:\n",
    "        return\n",
    "    sort(sample, lo, mid)\n",
    "    sort(sample, mid + 1, hi)\n",
    "    merge_sort(sample, lo, hi)\n",
    "    print(sample)"
   ]
  },
  {
   "cell_type": "code",
   "execution_count": 35,
   "id": "f1fc62ec-fdec-4f4b-96cf-9b8404af1ead",
   "metadata": {},
   "outputs": [],
   "source": [
    "def merge_sort(sample, lo, hi):\n",
    "    aux = np.array([0] * (len(sample) + 1))\n",
    "    mid = lo + (hi - lo) // 2\n",
    "    j = lo + (hi - lo) // 2\n",
    "    for i in range(lo, hi + 1):\n",
    "        aux[i] = sample[i]\n",
    "    for i in range(lo, hi + 1):\n",
    "        if mid + 1 > hi:\n",
    "            sample[i] = aux[lo]\n",
    "            lo = lo + 1\n",
    "        elif lo > j:\n",
    "            sample[i] = aux[mid + 1]\n",
    "            mid = mid + 1\n",
    "        else:\n",
    "            if aux[lo] < aux[mid + 1]:\n",
    "                sample[i] = aux[lo]\n",
    "                lo = lo + 1\n",
    "            else:\n",
    "                sample[i] = aux[mid + 1]\n",
    "                mid = mid + 1"
   ]
  },
  {
   "cell_type": "code",
   "execution_count": 36,
   "id": "27bcfe72-0dc6-4e65-9152-f8e030616f85",
   "metadata": {
    "tags": []
   },
   "outputs": [
    {
     "name": "stdout",
     "output_type": "stream",
     "text": [
      "[-401  459 -929  728  275 -650  372]\n",
      "[-401  459 -929  728  275 -650  372]\n",
      "[-929 -401  459  728  275 -650  372]\n",
      "[-929 -401  459  728 -650  275  372]\n",
      "[-929 -401  459  728 -650  275  372]\n",
      "[-929 -650 -401  275  372  459  728]\n"
     ]
    }
   ],
   "source": [
    "np.random.seed(1000)\n",
    "small_sample = np.random.randint(-1000, 1000, 7)\n",
    "sort(small_sample, 0, 6)"
   ]
  },
  {
   "cell_type": "markdown",
   "id": "1894c4a1-cdc3-4689-95ec-237e7a288716",
   "metadata": {},
   "source": [
    "# Quick Sort"
   ]
  },
  {
   "cell_type": "code",
   "execution_count": 7,
   "id": "e80abb24-7105-4777-9451-3f9d238516f2",
   "metadata": {},
   "outputs": [],
   "source": [
    "def quick_sort(sample, i, j):\n",
    "    index = i\n",
    "    print('start', sample[i])\n",
    "    while i <= j:\n",
    "        if sample[index] > sample[i]:\n",
    "            i = i + 1\n",
    "            print('i', i)\n",
    "        else:\n",
    "            if sample[index] < sample[j]:\n",
    "                j = j - 1\n",
    "                print('j', j)\n",
    "            else:\n",
    "                temp = sample[j]\n",
    "                sample[j] = sample[i]\n",
    "                sample[i] = temp\n",
    "                i = i + 1\n",
    "                j = j - 1\n",
    "        print(sample)\n",
    "    print(sample)\n",
    "    temp = sample[j]\n",
    "    sample[j] = sample[index]\n",
    "    sample[index] = temp\n",
    "    print(i, j)\n",
    "    if j == 0:\n",
    "        return\n",
    "    quick_sort(sample, 1, j - 1)\n",
    "    quick_sort(sample, j + 1, len(small_sample) - 1)\n",
    "    return sample"
   ]
  },
  {
   "cell_type": "code",
   "execution_count": 8,
   "id": "ee6ba032-5dc7-4f09-b74a-14a42884e92a",
   "metadata": {
    "collapsed": true,
    "jupyter": {
     "outputs_hidden": true
    },
    "tags": []
   },
   "outputs": [
    {
     "name": "stdout",
     "output_type": "stream",
     "text": [
      "start -95\n",
      "j 5\n",
      "[-123  -95  213 -714  550 -773  996]\n",
      "[-123 -773  213 -714  550  -95  996]\n",
      "j 3\n",
      "[-123 -773  213 -714  550  -95  996]\n",
      "j 2\n",
      "[-123 -773  213 -714  550  -95  996]\n",
      "j 1\n",
      "[-123 -773  213 -714  550  -95  996]\n",
      "[-123 -773  213 -714  550  -95  996]\n",
      "2 1\n",
      "start -773\n",
      "[-123 -773  213 -714  550  -95  996]\n",
      "1 0\n",
      "start 213\n",
      "j 5\n",
      "[-773 -123  213 -714  550  -95  996]\n",
      "[-773 -123  -95 -714  550  213  996]\n",
      "i 4\n",
      "[-773 -123  -95 -714  550  213  996]\n",
      "j 3\n",
      "[-773 -123  -95 -714  550  213  996]\n",
      "[-773 -123  -95 -714  550  213  996]\n",
      "4 3\n",
      "start -123\n",
      "[-773 -714 -123  -95  550  213  996]\n",
      "[-773 -714 -123  -95  550  213  996]\n",
      "2 1\n",
      "start -714\n",
      "[-773 -714 -123  -95  550  213  996]\n",
      "1 0\n",
      "start -123\n",
      "j 5\n",
      "[-714 -773 -123  -95  550  213  996]\n",
      "j 4\n",
      "[-714 -773 -123  -95  550  213  996]\n",
      "j 3\n",
      "[-714 -773 -123  -95  550  213  996]\n",
      "j 2\n",
      "[-714 -773 -123  -95  550  213  996]\n",
      "[-714 -773 -123  -95  550  213  996]\n",
      "[-714 -773 -123  -95  550  213  996]\n",
      "3 1\n",
      "start -123\n",
      "[-714 -123 -773  -95  550  213  996]\n",
      "1 0\n",
      "start -773\n",
      "j 5\n",
      "[-123 -714 -773  -95  550  213  996]\n",
      "j 4\n",
      "[-123 -714 -773  -95  550  213  996]\n",
      "j 3\n",
      "[-123 -714 -773  -95  550  213  996]\n",
      "j 2\n",
      "[-123 -714 -773  -95  550  213  996]\n",
      "[-123 -714 -773  -95  550  213  996]\n",
      "[-123 -714 -773  -95  550  213  996]\n",
      "3 1\n",
      "start -773\n",
      "[-123 -773 -714  -95  550  213  996]\n",
      "1 0\n",
      "start -714\n",
      "j 5\n",
      "[-773 -123 -714  -95  550  213  996]\n",
      "j 4\n",
      "[-773 -123 -714  -95  550  213  996]\n",
      "j 3\n",
      "[-773 -123 -714  -95  550  213  996]\n",
      "j 2\n",
      "[-773 -123 -714  -95  550  213  996]\n",
      "[-773 -123 -714  -95  550  213  996]\n",
      "[-773 -123 -714  -95  550  213  996]\n",
      "3 1\n",
      "start -714\n",
      "[-773 -714 -123  -95  550  213  996]\n",
      "1 0\n",
      "start -123\n",
      "j 5\n",
      "[-714 -773 -123  -95  550  213  996]\n",
      "j 4\n",
      "[-714 -773 -123  -95  550  213  996]\n",
      "j 3\n",
      "[-714 -773 -123  -95  550  213  996]\n",
      "j 2\n",
      "[-714 -773 -123  -95  550  213  996]\n",
      "[-714 -773 -123  -95  550  213  996]\n",
      "[-714 -773 -123  -95  550  213  996]\n",
      "3 1\n",
      "start -123\n",
      "[-714 -123 -773  -95  550  213  996]\n",
      "1 0\n",
      "start -773\n",
      "j 5\n",
      "[-123 -714 -773  -95  550  213  996]\n",
      "j 4\n",
      "[-123 -714 -773  -95  550  213  996]\n",
      "j 3\n",
      "[-123 -714 -773  -95  550  213  996]\n",
      "j 2\n",
      "[-123 -714 -773  -95  550  213  996]\n",
      "[-123 -714 -773  -95  550  213  996]\n",
      "[-123 -714 -773  -95  550  213  996]\n",
      "3 1\n",
      "start -773\n",
      "[-123 -773 -714  -95  550  213  996]\n",
      "1 0\n",
      "start -714\n",
      "j 5\n",
      "[-773 -123 -714  -95  550  213  996]\n",
      "j 4\n",
      "[-773 -123 -714  -95  550  213  996]\n",
      "j 3\n",
      "[-773 -123 -714  -95  550  213  996]\n",
      "j 2\n",
      "[-773 -123 -714  -95  550  213  996]\n",
      "[-773 -123 -714  -95  550  213  996]\n",
      "[-773 -123 -714  -95  550  213  996]\n",
      "3 1\n",
      "start -714\n",
      "[-773 -714 -123  -95  550  213  996]\n",
      "1 0\n",
      "start -123\n",
      "j 5\n",
      "[-714 -773 -123  -95  550  213  996]\n",
      "j 4\n",
      "[-714 -773 -123  -95  550  213  996]\n",
      "j 3\n",
      "[-714 -773 -123  -95  550  213  996]\n",
      "j 2\n",
      "[-714 -773 -123  -95  550  213  996]\n",
      "[-714 -773 -123  -95  550  213  996]\n",
      "[-714 -773 -123  -95  550  213  996]\n",
      "3 1\n",
      "start -123\n",
      "[-714 -123 -773  -95  550  213  996]\n",
      "1 0\n",
      "start -773\n",
      "j 5\n",
      "[-123 -714 -773  -95  550  213  996]\n",
      "j 4\n",
      "[-123 -714 -773  -95  550  213  996]\n",
      "j 3\n",
      "[-123 -714 -773  -95  550  213  996]\n",
      "j 2\n",
      "[-123 -714 -773  -95  550  213  996]\n",
      "[-123 -714 -773  -95  550  213  996]\n",
      "[-123 -714 -773  -95  550  213  996]\n",
      "3 1\n",
      "start -773\n",
      "[-123 -773 -714  -95  550  213  996]\n",
      "1 0\n",
      "start -714\n",
      "j 5\n",
      "[-773 -123 -714  -95  550  213  996]\n",
      "j 4\n",
      "[-773 -123 -714  -95  550  213  996]\n",
      "j 3\n",
      "[-773 -123 -714  -95  550  213  996]\n",
      "j 2\n",
      "[-773 -123 -714  -95  550  213  996]\n",
      "[-773 -123 -714  -95  550  213  996]\n",
      "[-773 -123 -714  -95  550  213  996]\n",
      "3 1\n",
      "start -714\n",
      "[-773 -714 -123  -95  550  213  996]\n",
      "1 0\n",
      "start -123\n",
      "j 5\n",
      "[-714 -773 -123  -95  550  213  996]\n",
      "j 4\n",
      "[-714 -773 -123  -95  550  213  996]\n",
      "j 3\n",
      "[-714 -773 -123  -95  550  213  996]\n",
      "j 2\n",
      "[-714 -773 -123  -95  550  213  996]\n",
      "[-714 -773 -123  -95  550  213  996]\n",
      "[-714 -773 -123  -95  550  213  996]\n",
      "3 1\n",
      "start -123\n",
      "[-714 -123 -773  -95  550  213  996]\n",
      "1 0\n",
      "start -773\n",
      "j 5\n",
      "[-123 -714 -773  -95  550  213  996]\n",
      "j 4\n",
      "[-123 -714 -773  -95  550  213  996]\n",
      "j 3\n",
      "[-123 -714 -773  -95  550  213  996]\n",
      "j 2\n",
      "[-123 -714 -773  -95  550  213  996]\n",
      "[-123 -714 -773  -95  550  213  996]\n",
      "[-123 -714 -773  -95  550  213  996]\n",
      "3 1\n",
      "start -773\n",
      "[-123 -773 -714  -95  550  213  996]\n",
      "1 0\n",
      "start -714\n",
      "j 5\n",
      "[-773 -123 -714  -95  550  213  996]\n",
      "j 4\n",
      "[-773 -123 -714  -95  550  213  996]\n",
      "j 3\n",
      "[-773 -123 -714  -95  550  213  996]\n",
      "j 2\n",
      "[-773 -123 -714  -95  550  213  996]\n",
      "[-773 -123 -714  -95  550  213  996]\n",
      "[-773 -123 -714  -95  550  213  996]\n",
      "3 1\n",
      "start -714\n",
      "[-773 -714 -123  -95  550  213  996]\n",
      "1 0\n",
      "start -123\n",
      "j 5\n",
      "[-714 -773 -123  -95  550  213  996]\n",
      "j 4\n",
      "[-714 -773 -123  -95  550  213  996]\n",
      "j 3\n",
      "[-714 -773 -123  -95  550  213  996]\n",
      "j 2\n",
      "[-714 -773 -123  -95  550  213  996]\n",
      "[-714 -773 -123  -95  550  213  996]\n",
      "[-714 -773 -123  -95  550  213  996]\n",
      "3 1\n",
      "start -123\n",
      "[-714 -123 -773  -95  550  213  996]\n",
      "1 0\n",
      "start -773\n",
      "j 5\n",
      "[-123 -714 -773  -95  550  213  996]\n",
      "j 4\n",
      "[-123 -714 -773  -95  550  213  996]\n",
      "j 3\n",
      "[-123 -714 -773  -95  550  213  996]\n",
      "j 2\n",
      "[-123 -714 -773  -95  550  213  996]\n",
      "[-123 -714 -773  -95  550  213  996]\n",
      "[-123 -714 -773  -95  550  213  996]\n",
      "3 1\n",
      "start -773\n",
      "[-123 -773 -714  -95  550  213  996]\n",
      "1 0\n",
      "start -714\n",
      "j 5\n",
      "[-773 -123 -714  -95  550  213  996]\n",
      "j 4\n",
      "[-773 -123 -714  -95  550  213  996]\n",
      "j 3\n",
      "[-773 -123 -714  -95  550  213  996]\n",
      "j 2\n",
      "[-773 -123 -714  -95  550  213  996]\n",
      "[-773 -123 -714  -95  550  213  996]\n",
      "[-773 -123 -714  -95  550  213  996]\n",
      "3 1\n",
      "start -714\n",
      "[-773 -714 -123  -95  550  213  996]\n",
      "1 0\n",
      "start -123\n",
      "j 5\n",
      "[-714 -773 -123  -95  550  213  996]\n",
      "j 4\n",
      "[-714 -773 -123  -95  550  213  996]\n",
      "j 3\n",
      "[-714 -773 -123  -95  550  213  996]\n",
      "j 2\n",
      "[-714 -773 -123  -95  550  213  996]\n",
      "[-714 -773 -123  -95  550  213  996]\n",
      "[-714 -773 -123  -95  550  213  996]\n",
      "3 1\n",
      "start -123\n",
      "[-714 -123 -773  -95  550  213  996]\n",
      "1 0\n",
      "start -773\n",
      "j 5\n",
      "[-123 -714 -773  -95  550  213  996]\n",
      "j 4\n",
      "[-123 -714 -773  -95  550  213  996]\n",
      "j 3\n",
      "[-123 -714 -773  -95  550  213  996]\n",
      "j 2\n",
      "[-123 -714 -773  -95  550  213  996]\n",
      "[-123 -714 -773  -95  550  213  996]\n",
      "[-123 -714 -773  -95  550  213  996]\n",
      "3 1\n",
      "start -773\n",
      "[-123 -773 -714  -95  550  213  996]\n",
      "1 0\n",
      "start -714\n",
      "j 5\n",
      "[-773 -123 -714  -95  550  213  996]\n",
      "j 4\n",
      "[-773 -123 -714  -95  550  213  996]\n",
      "j 3\n",
      "[-773 -123 -714  -95  550  213  996]\n",
      "j 2\n",
      "[-773 -123 -714  -95  550  213  996]\n",
      "[-773 -123 -714  -95  550  213  996]\n",
      "[-773 -123 -714  -95  550  213  996]\n",
      "3 1\n",
      "start -714\n",
      "[-773 -714 -123  -95  550  213  996]\n",
      "1 0\n",
      "start -123\n",
      "j 5\n",
      "[-714 -773 -123  -95  550  213  996]\n",
      "j 4\n",
      "[-714 -773 -123  -95  550  213  996]\n",
      "j 3\n",
      "[-714 -773 -123  -95  550  213  996]\n",
      "j 2\n",
      "[-714 -773 -123  -95  550  213  996]\n",
      "[-714 -773 -123  -95  550  213  996]\n",
      "[-714 -773 -123  -95  550  213  996]\n",
      "3 1\n",
      "start -123\n",
      "[-714 -123 -773  -95  550  213  996]\n",
      "1 0\n",
      "start -773\n",
      "j 5\n",
      "[-123 -714 -773  -95  550  213  996]\n",
      "j 4\n",
      "[-123 -714 -773  -95  550  213  996]\n",
      "j 3\n",
      "[-123 -714 -773  -95  550  213  996]\n",
      "j 2\n",
      "[-123 -714 -773  -95  550  213  996]\n",
      "[-123 -714 -773  -95  550  213  996]\n",
      "[-123 -714 -773  -95  550  213  996]\n",
      "3 1\n",
      "start -773\n",
      "[-123 -773 -714  -95  550  213  996]\n",
      "1 0\n",
      "start -714\n",
      "j 5\n",
      "[-773 -123 -714  -95  550  213  996]\n",
      "j 4\n",
      "[-773 -123 -714  -95  550  213  996]\n",
      "j 3\n",
      "[-773 -123 -714  -95  550  213  996]\n",
      "j 2\n",
      "[-773 -123 -714  -95  550  213  996]\n",
      "[-773 -123 -714  -95  550  213  996]\n",
      "[-773 -123 -714  -95  550  213  996]\n",
      "3 1\n",
      "start -714\n",
      "[-773 -714 -123  -95  550  213  996]\n",
      "1 0\n",
      "start -123\n",
      "j 5\n",
      "[-714 -773 -123  -95  550  213  996]\n",
      "j 4\n",
      "[-714 -773 -123  -95  550  213  996]\n",
      "j 3\n",
      "[-714 -773 -123  -95  550  213  996]\n",
      "j 2\n",
      "[-714 -773 -123  -95  550  213  996]\n",
      "[-714 -773 -123  -95  550  213  996]\n",
      "[-714 -773 -123  -95  550  213  996]\n",
      "3 1\n",
      "start -123\n",
      "[-714 -123 -773  -95  550  213  996]\n",
      "1 0\n",
      "start -773\n",
      "j 5\n",
      "[-123 -714 -773  -95  550  213  996]\n",
      "j 4\n",
      "[-123 -714 -773  -95  550  213  996]\n",
      "j 3\n",
      "[-123 -714 -773  -95  550  213  996]\n",
      "j 2\n",
      "[-123 -714 -773  -95  550  213  996]\n",
      "[-123 -714 -773  -95  550  213  996]\n",
      "[-123 -714 -773  -95  550  213  996]\n",
      "3 1\n",
      "start -773\n",
      "[-123 -773 -714  -95  550  213  996]\n",
      "1 0\n",
      "start -714\n",
      "j 5\n",
      "[-773 -123 -714  -95  550  213  996]\n",
      "j 4\n",
      "[-773 -123 -714  -95  550  213  996]\n",
      "j 3\n",
      "[-773 -123 -714  -95  550  213  996]\n",
      "j 2\n",
      "[-773 -123 -714  -95  550  213  996]\n",
      "[-773 -123 -714  -95  550  213  996]\n",
      "[-773 -123 -714  -95  550  213  996]\n",
      "3 1\n",
      "start -714\n",
      "[-773 -714 -123  -95  550  213  996]\n",
      "1 0\n",
      "start -123\n",
      "j 5\n",
      "[-714 -773 -123  -95  550  213  996]\n",
      "j 4\n",
      "[-714 -773 -123  -95  550  213  996]\n",
      "j 3\n",
      "[-714 -773 -123  -95  550  213  996]\n",
      "j 2\n",
      "[-714 -773 -123  -95  550  213  996]\n",
      "[-714 -773 -123  -95  550  213  996]\n",
      "[-714 -773 -123  -95  550  213  996]\n",
      "3 1\n",
      "start -123\n",
      "[-714 -123 -773  -95  550  213  996]\n",
      "1 0\n",
      "start -773\n",
      "j 5\n",
      "[-123 -714 -773  -95  550  213  996]\n",
      "j 4\n",
      "[-123 -714 -773  -95  550  213  996]\n",
      "j 3\n",
      "[-123 -714 -773  -95  550  213  996]\n",
      "j 2\n",
      "[-123 -714 -773  -95  550  213  996]\n",
      "[-123 -714 -773  -95  550  213  996]\n",
      "[-123 -714 -773  -95  550  213  996]\n",
      "3 1\n",
      "start -773\n",
      "[-123 -773 -714  -95  550  213  996]\n",
      "1 0\n",
      "start -714\n",
      "j 5\n",
      "[-773 -123 -714  -95  550  213  996]\n",
      "j 4\n",
      "[-773 -123 -714  -95  550  213  996]\n",
      "j 3\n",
      "[-773 -123 -714  -95  550  213  996]\n",
      "j 2\n",
      "[-773 -123 -714  -95  550  213  996]\n",
      "[-773 -123 -714  -95  550  213  996]\n",
      "[-773 -123 -714  -95  550  213  996]\n",
      "3 1\n",
      "start -714\n",
      "[-773 -714 -123  -95  550  213  996]\n",
      "1 0\n",
      "start -123\n",
      "j 5\n",
      "[-714 -773 -123  -95  550  213  996]\n",
      "j 4\n",
      "[-714 -773 -123  -95  550  213  996]\n",
      "j 3\n",
      "[-714 -773 -123  -95  550  213  996]\n",
      "j 2\n",
      "[-714 -773 -123  -95  550  213  996]\n",
      "[-714 -773 -123  -95  550  213  996]\n",
      "[-714 -773 -123  -95  550  213  996]\n",
      "3 1\n",
      "start -123\n",
      "[-714 -123 -773  -95  550  213  996]\n",
      "1 0\n",
      "start -773\n",
      "j 5\n",
      "[-123 -714 -773  -95  550  213  996]\n",
      "j 4\n",
      "[-123 -714 -773  -95  550  213  996]\n",
      "j 3\n",
      "[-123 -714 -773  -95  550  213  996]\n",
      "j 2\n",
      "[-123 -714 -773  -95  550  213  996]\n",
      "[-123 -714 -773  -95  550  213  996]\n",
      "[-123 -714 -773  -95  550  213  996]\n",
      "3 1\n",
      "start -773\n",
      "[-123 -773 -714  -95  550  213  996]\n",
      "1 0\n",
      "start -714\n",
      "j 5\n",
      "[-773 -123 -714  -95  550  213  996]\n",
      "j 4\n",
      "[-773 -123 -714  -95  550  213  996]\n",
      "j 3\n",
      "[-773 -123 -714  -95  550  213  996]\n",
      "j 2\n",
      "[-773 -123 -714  -95  550  213  996]\n",
      "[-773 -123 -714  -95  550  213  996]\n",
      "[-773 -123 -714  -95  550  213  996]\n",
      "3 1\n",
      "start -714\n",
      "[-773 -714 -123  -95  550  213  996]\n",
      "1 0\n",
      "start -123\n",
      "j 5\n",
      "[-714 -773 -123  -95  550  213  996]\n",
      "j 4\n",
      "[-714 -773 -123  -95  550  213  996]\n",
      "j 3\n",
      "[-714 -773 -123  -95  550  213  996]\n",
      "j 2\n",
      "[-714 -773 -123  -95  550  213  996]\n",
      "[-714 -773 -123  -95  550  213  996]\n",
      "[-714 -773 -123  -95  550  213  996]\n",
      "3 1\n",
      "start -123\n",
      "[-714 -123 -773  -95  550  213  996]\n",
      "1 0\n",
      "start -773\n",
      "j 5\n",
      "[-123 -714 -773  -95  550  213  996]\n",
      "j 4\n",
      "[-123 -714 -773  -95  550  213  996]\n",
      "j 3\n",
      "[-123 -714 -773  -95  550  213  996]\n",
      "j 2\n",
      "[-123 -714 -773  -95  550  213  996]\n",
      "[-123 -714 -773  -95  550  213  996]\n",
      "[-123 -714 -773  -95  550  213  996]\n",
      "3 1\n",
      "start -773\n",
      "[-123 -773 -714  -95  550  213  996]\n",
      "1 0\n",
      "start -714\n",
      "j 5\n",
      "[-773 -123 -714  -95  550  213  996]\n",
      "j 4\n",
      "[-773 -123 -714  -95  550  213  996]\n",
      "j 3\n",
      "[-773 -123 -714  -95  550  213  996]\n",
      "j 2\n",
      "[-773 -123 -714  -95  550  213  996]\n",
      "[-773 -123 -714  -95  550  213  996]\n",
      "[-773 -123 -714  -95  550  213  996]\n",
      "3 1\n",
      "start -714\n",
      "[-773 -714 -123  -95  550  213  996]\n",
      "1 0\n",
      "start -123\n",
      "j 5\n",
      "[-714 -773 -123  -95  550  213  996]\n",
      "j 4\n",
      "[-714 -773 -123  -95  550  213  996]\n",
      "j 3\n",
      "[-714 -773 -123  -95  550  213  996]\n",
      "j 2\n",
      "[-714 -773 -123  -95  550  213  996]\n",
      "[-714 -773 -123  -95  550  213  996]\n",
      "[-714 -773 -123  -95  550  213  996]\n",
      "3 1\n",
      "start -123\n",
      "[-714 -123 -773  -95  550  213  996]\n",
      "1 0\n",
      "start -773\n",
      "j 5\n",
      "[-123 -714 -773  -95  550  213  996]\n",
      "j 4\n",
      "[-123 -714 -773  -95  550  213  996]\n",
      "j 3\n",
      "[-123 -714 -773  -95  550  213  996]\n",
      "j 2\n",
      "[-123 -714 -773  -95  550  213  996]\n",
      "[-123 -714 -773  -95  550  213  996]\n",
      "[-123 -714 -773  -95  550  213  996]\n",
      "3 1\n",
      "start -773\n",
      "[-123 -773 -714  -95  550  213  996]\n",
      "1 0\n",
      "start -714\n",
      "j 5\n",
      "[-773 -123 -714  -95  550  213  996]\n",
      "j 4\n",
      "[-773 -123 -714  -95  550  213  996]\n",
      "j 3\n",
      "[-773 -123 -714  -95  550  213  996]\n",
      "j 2\n",
      "[-773 -123 -714  -95  550  213  996]\n",
      "[-773 -123 -714  -95  550  213  996]\n",
      "[-773 -123 -714  -95  550  213  996]\n",
      "3 1\n",
      "start -714\n",
      "[-773 -714 -123  -95  550  213  996]\n",
      "1 0\n",
      "start -123\n",
      "j 5\n",
      "[-714 -773 -123  -95  550  213  996]\n",
      "j 4\n",
      "[-714 -773 -123  -95  550  213  996]\n",
      "j 3\n",
      "[-714 -773 -123  -95  550  213  996]\n",
      "j 2\n",
      "[-714 -773 -123  -95  550  213  996]\n",
      "[-714 -773 -123  -95  550  213  996]\n",
      "[-714 -773 -123  -95  550  213  996]\n",
      "3 1\n",
      "start -123\n",
      "[-714 -123 -773  -95  550  213  996]\n",
      "1 0\n",
      "start -773\n",
      "j 5\n",
      "[-123 -714 -773  -95  550  213  996]\n",
      "j 4\n",
      "[-123 -714 -773  -95  550  213  996]\n",
      "j 3\n",
      "[-123 -714 -773  -95  550  213  996]\n",
      "j 2\n",
      "[-123 -714 -773  -95  550  213  996]\n",
      "[-123 -714 -773  -95  550  213  996]\n",
      "[-123 -714 -773  -95  550  213  996]\n",
      "3 1\n",
      "start -773\n",
      "[-123 -773 -714  -95  550  213  996]\n",
      "1 0\n",
      "start -714\n",
      "j 5\n",
      "[-773 -123 -714  -95  550  213  996]\n",
      "j 4\n",
      "[-773 -123 -714  -95  550  213  996]\n",
      "j 3\n",
      "[-773 -123 -714  -95  550  213  996]\n",
      "j 2\n",
      "[-773 -123 -714  -95  550  213  996]\n",
      "[-773 -123 -714  -95  550  213  996]\n",
      "[-773 -123 -714  -95  550  213  996]\n",
      "3 1\n",
      "start -714\n",
      "[-773 -714 -123  -95  550  213  996]\n",
      "1 0\n",
      "start -123\n",
      "j 5\n",
      "[-714 -773 -123  -95  550  213  996]\n",
      "j 4\n",
      "[-714 -773 -123  -95  550  213  996]\n",
      "j 3\n",
      "[-714 -773 -123  -95  550  213  996]\n",
      "j 2\n",
      "[-714 -773 -123  -95  550  213  996]\n",
      "[-714 -773 -123  -95  550  213  996]\n",
      "[-714 -773 -123  -95  550  213  996]\n",
      "3 1\n",
      "start -123\n",
      "[-714 -123 -773  -95  550  213  996]\n",
      "1 0\n",
      "start -773\n",
      "j 5\n",
      "[-123 -714 -773  -95  550  213  996]\n",
      "j 4\n",
      "[-123 -714 -773  -95  550  213  996]\n",
      "j 3\n",
      "[-123 -714 -773  -95  550  213  996]\n",
      "j 2\n",
      "[-123 -714 -773  -95  550  213  996]\n",
      "[-123 -714 -773  -95  550  213  996]\n",
      "[-123 -714 -773  -95  550  213  996]\n",
      "3 1\n",
      "start -773\n",
      "[-123 -773 -714  -95  550  213  996]\n",
      "1 0\n",
      "start -714\n",
      "j 5\n",
      "[-773 -123 -714  -95  550  213  996]\n",
      "j 4\n",
      "[-773 -123 -714  -95  550  213  996]\n",
      "j 3\n",
      "[-773 -123 -714  -95  550  213  996]\n",
      "j 2\n",
      "[-773 -123 -714  -95  550  213  996]\n",
      "[-773 -123 -714  -95  550  213  996]\n",
      "[-773 -123 -714  -95  550  213  996]\n",
      "3 1\n",
      "start -714\n",
      "[-773 -714 -123  -95  550  213  996]\n",
      "1 0\n",
      "start -123\n",
      "j 5\n",
      "[-714 -773 -123  -95  550  213  996]\n",
      "j 4\n",
      "[-714 -773 -123  -95  550  213  996]\n",
      "j 3\n",
      "[-714 -773 -123  -95  550  213  996]\n",
      "j 2\n",
      "[-714 -773 -123  -95  550  213  996]\n",
      "[-714 -773 -123  -95  550  213  996]\n",
      "[-714 -773 -123  -95  550  213  996]\n",
      "3 1\n",
      "start -123\n",
      "[-714 -123 -773  -95  550  213  996]\n",
      "1 0\n",
      "start -773\n",
      "j 5\n",
      "[-123 -714 -773  -95  550  213  996]\n",
      "j 4\n",
      "[-123 -714 -773  -95  550  213  996]\n",
      "j 3\n",
      "[-123 -714 -773  -95  550  213  996]\n",
      "j 2\n",
      "[-123 -714 -773  -95  550  213  996]\n",
      "[-123 -714 -773  -95  550  213  996]\n",
      "[-123 -714 -773  -95  550  213  996]\n",
      "3 1\n",
      "start -773\n",
      "[-123 -773 -714  -95  550  213  996]\n",
      "1 0\n",
      "start -714\n",
      "j 5\n",
      "[-773 -123 -714  -95  550  213  996]\n",
      "j 4\n",
      "[-773 -123 -714  -95  550  213  996]\n",
      "j 3\n",
      "[-773 -123 -714  -95  550  213  996]\n",
      "j 2\n",
      "[-773 -123 -714  -95  550  213  996]\n",
      "[-773 -123 -714  -95  550  213  996]\n",
      "[-773 -123 -714  -95  550  213  996]\n",
      "3 1\n",
      "start -714\n",
      "[-773 -714 -123  -95  550  213  996]\n",
      "1 0\n",
      "start -123\n",
      "j 5\n",
      "[-714 -773 -123  -95  550  213  996]\n",
      "j 4\n",
      "[-714 -773 -123  -95  550  213  996]\n",
      "j 3\n",
      "[-714 -773 -123  -95  550  213  996]\n",
      "j 2\n",
      "[-714 -773 -123  -95  550  213  996]\n",
      "[-714 -773 -123  -95  550  213  996]\n",
      "[-714 -773 -123  -95  550  213  996]\n",
      "3 1\n",
      "start -123\n",
      "[-714 -123 -773  -95  550  213  996]\n",
      "1 0\n",
      "start -773\n",
      "j 5\n",
      "[-123 -714 -773  -95  550  213  996]\n",
      "j 4\n",
      "[-123 -714 -773  -95  550  213  996]\n",
      "j 3\n",
      "[-123 -714 -773  -95  550  213  996]\n",
      "j 2\n",
      "[-123 -714 -773  -95  550  213  996]\n",
      "[-123 -714 -773  -95  550  213  996]\n",
      "[-123 -714 -773  -95  550  213  996]\n",
      "3 1\n",
      "start -773\n",
      "[-123 -773 -714  -95  550  213  996]\n",
      "1 0\n",
      "start -714\n",
      "j 5\n",
      "[-773 -123 -714  -95  550  213  996]\n",
      "j 4\n",
      "[-773 -123 -714  -95  550  213  996]\n",
      "j 3\n",
      "[-773 -123 -714  -95  550  213  996]\n",
      "j 2\n",
      "[-773 -123 -714  -95  550  213  996]\n",
      "[-773 -123 -714  -95  550  213  996]\n",
      "[-773 -123 -714  -95  550  213  996]\n",
      "3 1\n",
      "start -714\n",
      "[-773 -714 -123  -95  550  213  996]\n",
      "1 0\n",
      "start -123\n",
      "j 5\n",
      "[-714 -773 -123  -95  550  213  996]\n",
      "j 4\n",
      "[-714 -773 -123  -95  550  213  996]\n",
      "j 3\n",
      "[-714 -773 -123  -95  550  213  996]\n",
      "j 2\n",
      "[-714 -773 -123  -95  550  213  996]\n",
      "[-714 -773 -123  -95  550  213  996]\n",
      "[-714 -773 -123  -95  550  213  996]\n",
      "3 1\n",
      "start -123\n",
      "[-714 -123 -773  -95  550  213  996]\n",
      "1 0\n",
      "start -773\n",
      "j 5\n",
      "[-123 -714 -773  -95  550  213  996]\n",
      "j 4\n",
      "[-123 -714 -773  -95  550  213  996]\n",
      "j 3\n",
      "[-123 -714 -773  -95  550  213  996]\n",
      "j 2\n",
      "[-123 -714 -773  -95  550  213  996]\n",
      "[-123 -714 -773  -95  550  213  996]\n",
      "[-123 -714 -773  -95  550  213  996]\n",
      "3 1\n",
      "start -773\n",
      "[-123 -773 -714  -95  550  213  996]\n",
      "1 0\n",
      "start -714\n",
      "j 5\n",
      "[-773 -123 -714  -95  550  213  996]\n",
      "j 4\n",
      "[-773 -123 -714  -95  550  213  996]\n",
      "j 3\n",
      "[-773 -123 -714  -95  550  213  996]\n",
      "j 2\n",
      "[-773 -123 -714  -95  550  213  996]\n",
      "[-773 -123 -714  -95  550  213  996]\n",
      "[-773 -123 -714  -95  550  213  996]\n",
      "3 1\n",
      "start -714\n",
      "[-773 -714 -123  -95  550  213  996]\n",
      "1 0\n",
      "start -123\n",
      "j 5\n",
      "[-714 -773 -123  -95  550  213  996]\n",
      "j 4\n",
      "[-714 -773 -123  -95  550  213  996]\n",
      "j 3\n",
      "[-714 -773 -123  -95  550  213  996]\n",
      "j 2\n",
      "[-714 -773 -123  -95  550  213  996]\n",
      "[-714 -773 -123  -95  550  213  996]\n",
      "[-714 -773 -123  -95  550  213  996]\n",
      "3 1\n",
      "start -123\n",
      "[-714 -123 -773  -95  550  213  996]\n",
      "1 0\n",
      "start -773\n",
      "j 5\n",
      "[-123 -714 -773  -95  550  213  996]\n",
      "j 4\n",
      "[-123 -714 -773  -95  550  213  996]\n",
      "j 3\n",
      "[-123 -714 -773  -95  550  213  996]\n",
      "j 2\n",
      "[-123 -714 -773  -95  550  213  996]\n",
      "[-123 -714 -773  -95  550  213  996]\n",
      "[-123 -714 -773  -95  550  213  996]\n",
      "3 1\n",
      "start -773\n",
      "[-123 -773 -714  -95  550  213  996]\n",
      "1 0\n",
      "start -714\n",
      "j 5\n",
      "[-773 -123 -714  -95  550  213  996]\n",
      "j 4\n",
      "[-773 -123 -714  -95  550  213  996]\n",
      "j 3\n",
      "[-773 -123 -714  -95  550  213  996]\n",
      "j 2\n",
      "[-773 -123 -714  -95  550  213  996]\n",
      "[-773 -123 -714  -95  550  213  996]\n",
      "[-773 -123 -714  -95  550  213  996]\n",
      "3 1\n",
      "start -714\n",
      "[-773 -714 -123  -95  550  213  996]\n",
      "1 0\n",
      "start -123\n",
      "j 5\n",
      "[-714 -773 -123  -95  550  213  996]\n",
      "j 4\n",
      "[-714 -773 -123  -95  550  213  996]\n",
      "j 3\n",
      "[-714 -773 -123  -95  550  213  996]\n",
      "j 2\n",
      "[-714 -773 -123  -95  550  213  996]\n",
      "[-714 -773 -123  -95  550  213  996]\n",
      "[-714 -773 -123  -95  550  213  996]\n",
      "3 1\n",
      "start -123\n",
      "[-714 -123 -773  -95  550  213  996]\n",
      "1 0\n",
      "start -773\n",
      "j 5\n",
      "[-123 -714 -773  -95  550  213  996]\n",
      "j 4\n",
      "[-123 -714 -773  -95  550  213  996]\n",
      "j 3\n",
      "[-123 -714 -773  -95  550  213  996]\n",
      "j 2\n",
      "[-123 -714 -773  -95  550  213  996]\n",
      "[-123 -714 -773  -95  550  213  996]\n",
      "[-123 -714 -773  -95  550  213  996]\n",
      "3 1\n",
      "start -773\n",
      "[-123 -773 -714  -95  550  213  996]\n",
      "1 0\n",
      "start -714\n",
      "j 5\n",
      "[-773 -123 -714  -95  550  213  996]\n",
      "j 4\n",
      "[-773 -123 -714  -95  550  213  996]\n",
      "j 3\n",
      "[-773 -123 -714  -95  550  213  996]\n",
      "j 2\n",
      "[-773 -123 -714  -95  550  213  996]\n",
      "[-773 -123 -714  -95  550  213  996]\n",
      "[-773 -123 -714  -95  550  213  996]\n",
      "3 1\n",
      "start -714\n",
      "[-773 -714 -123  -95  550  213  996]\n",
      "1 0\n",
      "start -123\n",
      "j 5\n",
      "[-714 -773 -123  -95  550  213  996]\n",
      "j 4\n",
      "[-714 -773 -123  -95  550  213  996]\n",
      "j 3\n",
      "[-714 -773 -123  -95  550  213  996]\n",
      "j 2\n",
      "[-714 -773 -123  -95  550  213  996]\n",
      "[-714 -773 -123  -95  550  213  996]\n",
      "[-714 -773 -123  -95  550  213  996]\n",
      "3 1\n",
      "start -123\n",
      "[-714 -123 -773  -95  550  213  996]\n",
      "1 0\n",
      "start -773\n",
      "j 5\n",
      "[-123 -714 -773  -95  550  213  996]\n",
      "j 4\n",
      "[-123 -714 -773  -95  550  213  996]\n",
      "j 3\n",
      "[-123 -714 -773  -95  550  213  996]\n",
      "j 2\n",
      "[-123 -714 -773  -95  550  213  996]\n",
      "[-123 -714 -773  -95  550  213  996]\n",
      "[-123 -714 -773  -95  550  213  996]\n",
      "3 1\n",
      "start -773\n",
      "[-123 -773 -714  -95  550  213  996]\n",
      "1 0\n",
      "start -714\n",
      "j 5\n",
      "[-773 -123 -714  -95  550  213  996]\n",
      "j 4\n",
      "[-773 -123 -714  -95  550  213  996]\n",
      "j 3\n",
      "[-773 -123 -714  -95  550  213  996]\n",
      "j 2\n",
      "[-773 -123 -714  -95  550  213  996]\n",
      "[-773 -123 -714  -95  550  213  996]\n",
      "[-773 -123 -714  -95  550  213  996]\n",
      "3 1\n",
      "start -714\n",
      "[-773 -714 -123  -95  550  213  996]\n",
      "1 0\n",
      "start -123\n",
      "j 5\n",
      "[-714 -773 -123  -95  550  213  996]\n",
      "j 4\n",
      "[-714 -773 -123  -95  550  213  996]\n",
      "j 3\n",
      "[-714 -773 -123  -95  550  213  996]\n",
      "j 2\n",
      "[-714 -773 -123  -95  550  213  996]\n",
      "[-714 -773 -123  -95  550  213  996]\n",
      "[-714 -773 -123  -95  550  213  996]\n",
      "3 1\n",
      "start -123\n",
      "[-714 -123 -773  -95  550  213  996]\n",
      "1 0\n",
      "start -773\n",
      "j 5\n",
      "[-123 -714 -773  -95  550  213  996]\n",
      "j 4\n",
      "[-123 -714 -773  -95  550  213  996]\n",
      "j 3\n",
      "[-123 -714 -773  -95  550  213  996]\n",
      "j 2\n",
      "[-123 -714 -773  -95  550  213  996]\n",
      "[-123 -714 -773  -95  550  213  996]\n",
      "[-123 -714 -773  -95  550  213  996]\n",
      "3 1\n",
      "start -773\n",
      "[-123 -773 -714  -95  550  213  996]\n",
      "1 0\n",
      "start -714\n",
      "j 5\n",
      "[-773 -123 -714  -95  550  213  996]\n",
      "j 4\n",
      "[-773 -123 -714  -95  550  213  996]\n",
      "j 3\n",
      "[-773 -123 -714  -95  550  213  996]\n",
      "j 2\n",
      "[-773 -123 -714  -95  550  213  996]\n",
      "[-773 -123 -714  -95  550  213  996]\n",
      "[-773 -123 -714  -95  550  213  996]\n",
      "3 1\n",
      "start -714\n",
      "[-773 -714 -123  -95  550  213  996]\n",
      "1 0\n",
      "start -123\n",
      "j 5\n",
      "[-714 -773 -123  -95  550  213  996]\n",
      "j 4\n",
      "[-714 -773 -123  -95  550  213  996]\n",
      "j 3\n",
      "[-714 -773 -123  -95  550  213  996]\n",
      "j 2\n",
      "[-714 -773 -123  -95  550  213  996]\n",
      "[-714 -773 -123  -95  550  213  996]\n",
      "[-714 -773 -123  -95  550  213  996]\n",
      "3 1\n",
      "start -123\n",
      "[-714 -123 -773  -95  550  213  996]\n",
      "1 0\n",
      "start -773\n",
      "j 5\n",
      "[-123 -714 -773  -95  550  213  996]\n",
      "j 4\n",
      "[-123 -714 -773  -95  550  213  996]\n",
      "j 3\n",
      "[-123 -714 -773  -95  550  213  996]\n",
      "j 2\n",
      "[-123 -714 -773  -95  550  213  996]\n",
      "[-123 -714 -773  -95  550  213  996]\n",
      "[-123 -714 -773  -95  550  213  996]\n",
      "3 1\n",
      "start -773\n",
      "[-123 -773 -714  -95  550  213  996]\n",
      "1 0\n",
      "start -714\n",
      "j 5\n",
      "[-773 -123 -714  -95  550  213  996]\n",
      "j 4\n",
      "[-773 -123 -714  -95  550  213  996]\n",
      "j 3\n",
      "[-773 -123 -714  -95  550  213  996]\n",
      "j 2\n",
      "[-773 -123 -714  -95  550  213  996]\n",
      "[-773 -123 -714  -95  550  213  996]\n",
      "[-773 -123 -714  -95  550  213  996]\n",
